-1 -1 -1 -1 -1 -1 -1 -1 -1 -1 -1 
-1 155 199 -1 200 201 -1 201 06 07 -1 
-1 08 09 -1 10 11 -1 12 13 14 -1 
-1 15 16 -1 17 18 -1 -1 -1 19 -1 
-1 20 -1 -1 -1 21 22 23 24 35 -1 
-1 32 33 -1 -1 35 -1 37 -1 -1 -1 
-1 40 41 05 42 43 -1 75 76 77 -1 
-1 -1 60 -1 -1 -1 -1 -1 -1 -1 -1 
-1 36 61 -1 38 39 40 41 42 43 -1 
-1 44 -1 -1 -2 -2 -2 92 93 94 -1 
-1 45 63 02 95 96 97 98 -2 -2 -1 
-1 -1 64 -1 -2 -2 -2 104 105 106 -1 
-1 47 65 -1 107 108 211 110 111 112 -1 
-1 48 66 -1 113 114 115 116 117 118 -1 
-1 -1 67 -1 -1 -1 -1 -1 -1 -1 -1 
-1 50 68 -1 119 -2 121 208 123 124 -1 
-1 51 -1 -1 125 -2 127 207 -1 -1 -1 
-1 52 70 03 131 132 133 204 04 136 -1 
-1 -1 71 -1 -2 -2 -2 202 -1 142 -1 
-1 54 72 -1 143 144 -2 146 -1 148 -1 
-1 155 156 -1 149 150 151 152 -1 154 -1 
-1 -1 -1 -1 -1 -1 -1 -1 -1 203 -1 
-1 155 196 161 162 163 164 165 166 167 -1 
-1 156 197 168 169 170 171 172 173 174 -1 
-1 157 198 175 176 177 178 179 180 181 -1 
-1 158 199 182 183 184 185 186 187 188 -1 
-1 159 160 189 190 191 192 193 194 195 -1 
-1 -1 -1 -1 -1 -1 -1 -1 -1 -1 -1 
